-2.126865215256456221e+00 -1.908913859517273659e+00 -6.665499420766141547e+00
-1.884749913695597190e+00 -1.946246379856119590e+00 -6.980488644926307273e+00
-1.599413552059633314e+00 -1.978100086846536376e+00 -7.373472152863588036e+00
-1.261164015603293498e+00 -2.053313935283696878e+00 -7.838864442324394055e+00
-8.223963388809036879e-01 -2.129186671764457639e+00 -8.403679337550531869e+00
-4.552874911420501380e-01 -2.189291643102227347e+00 -8.860867525829617009e+00
-7.087268631573287458e-02 -2.267436291889961986e+00 -9.398189052405969690e+00
2.124816994764735512e-01 -2.303809517231323323e+00 -9.788359117173602186e+00
4.534711558144212118e-01 -2.328903750409809792e+00 -1.013467366022988791e+01
6.550933126206721635e-01 -2.351839786298802082e+00 -1.041312563829457893e+01
7.340994746127422754e-01 -2.373212527367278835e+00 -1.051265809121951911e+01
7.567458389465918644e-01 -2.396601161159066073e+00 -1.048343239306712960e+01
7.114033322707794538e-01 -2.410197494311765887e+00 -1.037007533115319191e+01
6.462685834458719025e-01 -2.422804361852715527e+00 -1.023340189039737780e+01
5.518569927318371926e-01 -2.418811908574812541e+00 -1.008109663114370136e+01
4.558932469976648139e-01 -2.414366329310628778e+00 -9.943577720560117683e+00
3.494277077053032365e-01 -2.396966158660783108e+00 -9.776474668171015736e+00
2.610100714985608694e-01 -2.386238151303949451e+00 -9.617871618941332912e+00
8.794176948122213455e-02 -2.351685624786436613e+00 -9.305771627935856216e+00
-3.463503042433773160e-01 -2.302613764544441999e+00 -8.742076359317266565e+00
-7.278020217544124426e-01 -2.218840102741038489e+00 -8.258003331462282048e+00
-1.070153058933548396e+00 -2.137412841688645759e+00 -7.844393723796140527e+00
-1.338391521411091301e+00 -2.087709731882124942e+00 -7.557504359124068039e+00
-1.310916881700625147e+00 -2.047662723380061056e+00 -7.429818925109216821e+00
-1.615390558088706019e+00 -2.035540177760517988e+00 -7.101840379152621452e+00
-1.825488537201780392e+00 -2.004689967604022627e+00 -6.841189442243918784e+00
-2.039600600847496725e+00 -1.961972417574347372e+00 -6.602396985222723558e+00
-2.197291840035781707e+00 -1.928742007415525261e+00 -6.432323301404255567e+00
-2.327678480665753558e+00 -1.889409076147427591e+00 -6.284631855982214965e+00
-2.413669218488204482e+00 -1.871216787503819257e+00 -6.178765940254042022e+00
-2.478590714565114261e+00 -1.854056374583060496e+00 -6.101835294139628552e+00
-2.530179012786553105e+00 -1.844143407565704385e+00 -6.044945565742291471e+00
-2.549287893650144188e+00 -1.840234803769563499e+00 -6.001131413167406059e+00
-2.556636418223466212e+00 -1.842700796154361997e+00 -5.980482655647906931e+00
-2.545881707877249323e+00 -1.841285379973829350e+00 -5.967803402674956459e+00
-2.522286472638146648e+00 -1.840954274048798078e+00 -5.967309151393603628e+00
-2.447256598856920373e+00 -1.856117796936348929e+00 -5.978376434073449097e+00
-2.307369413407853731e+00 -1.885710805403629120e+00 -5.983489530599749529e+00
-2.113623550239521087e+00 -1.938586825428053606e+00 -5.973419271214392978e+00
-1.873983814262797143e+00 -1.993935100514536263e+00 -5.949288443369237456e+00
-1.664114122064233037e+00 -2.034894992534620251e+00 -5.892253506892524584e+00
-1.444378971035857218e+00 -2.086259248909716479e+00 -5.776252752004204183e+00
-1.198104206421869877e+00 -2.133659955958050247e+00 -5.668666377168913861e+00
-9.453400692402024186e-01 -2.178563345581454147e+00 -5.514280912054990047e+00
-6.939031045576310452e-01 -2.245409979540388790e+00 -5.363055689426833972e+00
-4.617434580371995723e-01 -2.328340280115708705e+00 -5.240506753046828337e+00
-2.532183866873556344e-01 -2.447969347308580179e+00 -5.143316548126301235e+00
-1.036996695757489428e-01 -2.576730376967647285e+00 -5.060583214880633562e+00
-1.075185358499969497e-02 -2.717070753407611061e+00 -4.988786398034036118e+00
2.418970930862556976e-02 -2.876301015498275770e+00 -4.937257609281924253e+00
9.736473484738054213e-03 -3.058838179989122441e+00 -4.926936158045895908e+00
-6.306945182070934630e-02 -3.245511711037284641e+00 -4.917770444454374612e+00
-1.685032718720865519e-01 -3.429287526717500700e+00 -4.924357079644960500e+00
-3.291701009115270415e-01 -3.610343088371096520e+00 -4.946058034105478285e+00
-5.144609284039164399e-01 -3.769393342181482698e+00 -4.984324441727187249e+00
-8.043501239496592126e-01 -3.892059526301649974e+00 -5.060385591775578895e+00
-1.039631472761912923e+00 -4.014222265248056587e+00 -5.128710388398721953e+00
-1.230457757932182927e+00 -4.127682235318641091e+00 -5.192694005110852551e+00
-1.466366032392384833e+00 -4.180103910785065935e+00 -5.278584446047664969e+00
-1.581367837361980389e+00 -4.241555809762801665e+00 -5.324471292570557956e+00
-1.654545124584758442e+00 -4.260381130609085965e+00 -5.361190336982400773e+00
-1.688941697270807119e+00 -4.256742045960923981e+00 -5.373297308685994977e+00
-1.470862505891811001e+00 -4.342962745142121328e+00 -5.217789107158616879e+00
-1.346513339534662901e+00 -4.348808121150885775e+00 -5.153967295813327354e+00
-1.288067377362098309e+00 -4.326723399687962157e+00 -5.125308492996744292e+00
-1.439493855464340166e+00 -4.317160383407207647e+00 -5.191876453008703152e+00
-1.833794576440552992e+00 -4.249659194640017290e+00 -5.426939357618936199e+00
-2.122775173248858671e+00 -4.148678326943834982e+00 -5.656716562615014432e+00
-2.157678998956676253e+00 -4.014968448302677295e+00 -5.797344153036982028e+00
-1.960821520720388067e+00 -3.871290602379318990e+00 -5.781563159877852520e+00
-1.798080171455051168e+00 -3.770284488886477714e+00 -5.729545388850027621e+00
-1.783466624141945678e+00 -3.647122777987593434e+00 -5.744523505806254704e+00
-1.846441796967126292e+00 -3.529379500488175392e+00 -5.761494059830541303e+00
-2.004469029240480538e+00 -3.424761915669578993e+00 -5.814183671024011346e+00
-2.162624603293310077e+00 -3.335751326874186518e+00 -5.866479242839623076e+00
-2.251203910954154175e+00 -3.277397786702266114e+00 -5.875537115928198162e+00
-2.334078025120127631e+00 -3.226592816457462654e+00 -5.888630141148293973e+00
-2.396734123115255688e+00 -3.179692596127733140e+00 -5.920117917542277119e+00
-2.230790831377150063e+00 -3.152772833512858419e+00 -5.825305535159288617e+00
-1.947111471730887278e+00 -3.132261993422578605e+00 -5.677140018671305910e+00
-1.773973164667159264e+00 -3.076442917107690356e+00 -5.600704366843604731e+00
-1.743178745582899092e+00 -3.016879063799345673e+00 -5.591813056693982986e+00
-1.742233119441346512e+00 -2.961635184555683864e+00 -5.597862291797631507e+00
-1.805220936648705754e+00 -2.917369467345521716e+00 -5.636834934513454520e+00
-1.811285555926940960e+00 -2.874643296935944559e+00 -5.631751691144384786e+00
-1.779766437510234667e+00 -2.816311289489966896e+00 -5.611741920041096066e+00
-1.752913443560545570e+00 -2.760553101594951375e+00 -5.593358805395453714e+00
-1.755586762171090554e+00 -2.708597226761250365e+00 -5.576274060298706203e+00
-1.876779987546520312e+00 -2.666756355128675260e+00 -5.605037563620837382e+00
-1.738949166266630986e+00 -2.617911482996877925e+00 -5.479782610572354606e+00
-1.687909953122771478e+00 -2.576491391031985767e+00 -5.382916163874690518e+00
-1.688721550591365750e+00 -2.539229425264792450e+00 -5.305494693999230904e+00
-1.693031258367306613e+00 -2.503098750136191875e+00 -5.232587437763111637e+00
-1.630901554610103776e+00 -2.485480061776729865e+00 -5.144032705204599765e+00
-1.600822334700972016e+00 -2.453585822073827138e+00 -5.097069725811086194e+00
-1.554407406778775869e+00 -2.427182683243255479e+00 -5.023965762475454788e+00
-1.529279186851693950e+00 -2.400463226282339324e+00 -4.974607998009132004e+00
-1.496465681480890764e+00 -2.382051900167760916e+00 -4.922887380466342222e+00
-1.436292713228777718e+00 -2.381357156998975544e+00 -4.933665481042401879e+00
-1.351713741893503906e+00 -2.399379595228997797e+00 -5.026614372314915258e+00
-1.317297615200740735e+00 -2.420577583417453660e+00 -5.162695456190193433e+00
-1.300959636768610928e+00 -2.446047134758785990e+00 -5.238946282991205017e+00
-1.300845234156870145e+00 -2.462746491946380623e+00 -5.285567783680489740e+00
-1.282717813235186188e+00 -2.461947745959395917e+00 -5.291774933206389697e+00
-1.323388310245071420e+00 -2.484698732006595190e+00 -5.313499940187991655e+00
-1.331331077992071288e+00 -2.494513993862376822e+00 -5.351495730076388568e+00
-1.297240640277772306e+00 -2.515687918834302650e+00 -5.459159789134254481e+00
-1.243385048876512133e+00 -2.538227981848791170e+00 -5.644464589238726404e+00
-1.193922837851647989e+00 -2.561590562716295594e+00 -5.898280214525245313e+00
-1.158622491005774302e+00 -2.573228774247676931e+00 -6.227307353652675737e+00
-1.118942212886099519e+00 -2.572091869706789602e+00 -6.514656657999831069e+00
-1.064744058257769632e+00 -2.568084337522952065e+00 -6.748566979587272918e+00
-1.001841914287119550e+00 -2.580782271986060472e+00 -6.888312438524788917e+00
-9.799995860070963571e-01 -2.587542549310618334e+00 -6.869289211732295897e+00
-9.689307730198588597e-01 -2.595365971872296118e+00 -6.684422084778489648e+00
-9.355277035388273044e-01 -2.596935105015191425e+00 -6.390287151269734345e+00
-9.498461340788784124e-01 -2.588845417479956890e+00 -6.031131349234263972e+00
-9.774112800596054251e-01 -2.567011801578512831e+00 -5.716880738518821836e+00
-9.926064661119633481e-01 -2.538884656875623591e+00 -5.543577825141728255e+00
-9.663312037794267173e-01 -2.528658175651735007e+00 -5.473911899251216795e+00
-9.270213184145970065e-01 -2.525466229640265681e+00 -5.501714687655928415e+00
-9.094090871203560633e-01 -2.530979333607582760e+00 -5.643414206800597910e+00
-9.008115748691563063e-01 -2.542611077477345827e+00 -5.815410801282285824e+00
-9.206483628778053818e-01 -2.544091273314938562e+00 -5.971176506935604422e+00
-9.476380575699357989e-01 -2.541398638470057758e+00 -6.044326902754325381e+00
-9.565105591822142816e-01 -2.533274624776496786e+00 -6.073246197145802938e+00
-1.021357597464830125e+00 -2.528318814301077300e+00 -6.120617161835168574e+00
-1.143021616346946878e+00 -2.516636909145145484e+00 -6.173419069961947336e+00
-1.270264459464579554e+00 -2.510801231914165488e+00 -6.192054811075111687e+00
-1.451642698930392106e+00 -2.480626396172388226e+00 -6.175739053223613162e+00
-1.620241065618389875e+00 -2.453066231778848749e+00 -6.146390643606004289e+00
-1.766032463681065368e+00 -2.408969283711423159e+00 -6.147503112661722113e+00
-1.876088413151347556e+00 -2.358294731686366497e+00 -6.175817862321438589e+00
-1.970341462591909787e+00 -2.307173945041787189e+00 -6.236211538256521081e+00
-2.073699939462027686e+00 -2.231714968447702674e+00 -6.334724669372311823e+00
-2.208502477494259875e+00 -2.154109262473397290e+00 -6.443999343359479326e+00
-2.322109098568852392e+00 -2.076867553873738004e+00 -6.529943066162363863e+00
-2.491739600818542844e+00 -2.003991818131397373e+00 -6.567880508915111548e+00
-2.617492269273308469e+00 -1.937305821581724707e+00 -6.608462176532419186e+00
-2.678209557759342996e+00 -1.906621033985333336e+00 -6.595774775535607759e+00
-2.685758086402838529e+00 -1.894845690911317604e+00 -6.578927711091845154e+00
-2.640298969045048239e+00 -1.909901079705830229e+00 -6.532643215250484303e+00
-2.522804005298310059e+00 -1.957378759266052759e+00 -6.451622762454740645e+00
-2.302375968277523999e+00 -2.019658614927174689e+00 -6.375319803860212353e+00
-2.213220844038459312e+00 -2.039152276108637807e+00 -6.308791605953487647e+00
-2.118500127022698187e+00 -2.067867518310027908e+00 -6.273344576107048098e+00
-2.096067530014271707e+00 -2.073969587173764229e+00 -6.251905235456320931e+00
-2.020312834381448486e+00 -2.100214593038745470e+00 -6.255732668148151099e+00
-1.984795567122845217e+00 -2.115861558859445157e+00 -6.247974068849303286e+00
-1.950680285721522633e+00 -2.135242341577944458e+00 -6.205698808549596990e+00
-1.906636964509492493e+00 -2.149897888944634960e+00 -6.126387191812175281e+00
-1.906543258586079315e+00 -2.151254630879355201e+00 -6.049630696393074381e+00
-1.905919528145384900e+00 -2.150632432420078288e+00 -5.974073760995364246e+00
-1.935832194819642416e+00 -2.138451753401813260e+00 -5.895198853833865549e+00
-1.985833541643629907e+00 -2.125667012318753546e+00 -5.815578895737252729e+00
-2.029270073623577808e+00 -2.110597182541171346e+00 -5.737556407002384340e+00
-2.073781443600393626e+00 -2.099712626294996110e+00 -5.648823123691595782e+00
-2.075072406889796106e+00 -2.102597493408919327e+00 -5.551774517295951838e+00
-2.088559916304004727e+00 -2.095122054470274442e+00 -5.464506196077140388e+00
-2.095458504429771551e+00 -2.090907262228635322e+00 -5.404249561842892291e+00
-2.085312444248420771e+00 -2.096436656513029462e+00 -5.387515829637795406e+00
-2.038365248622490800e+00 -2.116616051888323025e+00 -5.397538442490850130e+00
-1.965703290180100815e+00 -2.149658052754224613e+00 -5.471020659647366280e+00
-1.847192361044146525e+00 -2.199812734785258961e+00 -5.590137875508250254e+00
-1.709375486129288246e+00 -2.262809208091697943e+00 -5.748576467384022948e+00
-1.576379011610018477e+00 -2.324692505880419535e+00 -5.910376916287261473e+00
-1.457570315065517930e+00 -2.380040319108951419e+00 -6.066163261425034925e+00
-1.348710288831393100e+00 -2.428178304127670994e+00 -6.228220630105167466e+00
-1.256246559832415288e+00 -2.463953990598766630e+00 -6.360724279561624783e+00
-1.126481217774997434e+00 -2.504139163924262057e+00 -6.448653183422520030e+00
-9.881158240005674109e-01 -2.533901782358702448e+00 -6.519938869798077796e+00
-8.722492955947852566e-01 -2.553069656878224958e+00 -6.574230117867116086e+00
-7.380491558714501465e-01 -2.567682673571561214e+00 -6.594618110526887733e+00
-6.242227102532230676e-01 -2.584300175468535077e+00 -6.640818045822433291e+00
-4.867022704948725798e-01 -2.596896713426996239e+00 -6.721412155915404973e+00
-3.640443817626253797e-01 -2.602385202227900152e+00 -6.808502369128101250e+00
-2.942403161979650350e-01 -2.613522439451197776e+00 -6.886679843191383377e+00
-2.390360920420107615e-01 -2.616045088131267349e+00 -6.967118071231896970e+00
-1.779300038091271852e-01 -2.620963669116080474e+00 -7.034341279628511856e+00
-1.040394806539618744e-01 -2.628483584330086664e+00 -7.094578626045017877e+00
-4.880870241649529206e-02 -2.633419172184143342e+00 -7.142755468049252876e+00
-1.211352505294045062e-02 -2.623219405083864864e+00 -7.138094795451765506e+00
6.070577643568825926e-02 -2.615181240412633557e+00 -7.124589726590419225e+00
1.166578702650731686e-01 -2.606145249582640933e+00 -7.088786260539860606e+00
1.425686552104438731e-01 -2.584462849227307846e+00 -7.047031761320082133e+00
1.967386496796921236e-01 -2.574551736456958118e+00 -7.058686834645844677e+00
2.202706449984358772e-01 -2.553844072258564690e+00 -7.042645986934626734e+00
2.351646354426964458e-01 -2.541174025958611971e+00 -7.068387419394200677e+00
2.328572713869750399e-01 -2.540339626350330615e+00 -7.098170447727389032e+00
2.168811400923388033e-01 -2.528375594430062101e+00 -7.098202838705847562e+00
2.070893222802369371e-01 -2.535587434816584995e+00 -7.215598830256391594e+00
1.984949059952476891e-01 -2.534180635890043387e+00 -7.254037298372526088e+00
2.463893851355647979e-01 -2.531194720434090328e+00 -7.312796181726100464e+00
2.783946740836897860e-01 -2.532713259839129538e+00 -7.373176471895586559e+00
2.740420970263227618e-01 -2.538137480225036491e+00 -7.438072565281055759e+00
2.816961582887436144e-01 -2.547423742258991375e+00 -7.515778632480541788e+00
3.102363497492912625e-01 -2.554225248265755255e+00 -7.612807731180526005e+00
3.067196830180947131e-01 -2.565379554313321098e+00 -7.745854370450190984e+00
2.492223770228510493e-01 -2.572535571552373224e+00 -7.853298062146444991e+00
2.724370592323217544e-01 -2.585217665921370145e+00 -8.015492680183792018e+00
3.553031520525773979e-01 -2.609098055784538683e+00 -8.221051272442633007e+00
5.410756672468826078e-01 -2.669510236478673804e+00 -8.487670848061931395e+00
7.253670575813903065e-01 -2.724608334675626686e+00 -8.784960161987761751e+00
8.970111119012494916e-01 -2.805942650466585864e+00 -9.067974571814170659e+00
1.169239779654515532e+00 -2.876143788632842480e+00 -9.417724528119805427e+00
1.437210368300866126e+00 -2.958750365789666770e+00 -9.734772469589376698e+00
1.744710351147778393e+00 -3.061410115332366288e+00 -1.012668720031574310e+01
2.057009060387928301e+00 -3.168131245132306262e+00 -1.051675234171825224e+01
2.399028657115459318e+00 -3.274580589469747061e+00 -1.092348268171577885e+01
2.706215613591779867e+00 -3.369719284088915412e+00 -1.128194573177467497e+01
2.959340332538030083e+00 -3.451013344873198108e+00 -1.158088315560802073e+01
3.016144080233029712e+00 -3.481891623984440631e+00 -1.161531205965647828e+01
2.770422160544083745e+00 -3.434156369045747503e+00 -1.121662242901673068e+01
2.348084475171115848e+00 -3.326855441167462235e+00 -1.056679542568013730e+01
1.922789082510668379e+00 -3.199149566901023700e+00 -9.890103785238448353e+00
1.576910848682526511e+00 -3.095467877100581244e+00 -9.322688392741637742e+00
1.299529721348970934e+00 -3.017108846607972517e+00 -8.911126551736439083e+00
1.089224960819677568e+00 -2.949161126275464007e+00 -8.586975124559806716e+00
9.550910177611972030e-01 -2.905349867070680769e+00 -8.377204354971054201e+00
8.662996118262904499e-01 -2.875927746103009941e+00 -8.212083019204079903e+00
8.072181662430782945e-01 -2.851060444741849498e+00 -8.082301134442452906e+00
7.976326801880599948e-01 -2.845571184369618756e+00 -8.000443708672284160e+00
7.839799309901505087e-01 -2.847413823567312985e+00 -7.931726570871606263e+00
7.947469555270493258e-01 -2.850413634904343407e+00 -7.904475446426329377e+00
8.083406819028104984e-01 -2.856103198638039409e+00 -7.902244356466867181e+00
8.390205013391535127e-01 -2.866345933994262296e+00 -7.928804627508489133e+00
8.687584313406179204e-01 -2.871496407958793462e+00 -7.965209564487288674e+00
9.068408051271702464e-01 -2.882514713066342882e+00 -8.016478699038781741e+00
9.637077222822316713e-01 -2.899374750728089367e+00 -8.062356238775427286e+00
1.082173397681079674e+00 -2.948141807377412160e+00 -8.096705814584282734e+00
1.184028277614410873e+00 -3.014098854672384142e+00 -8.073657942722164194e+00
1.359403544403851694e+00 -3.098408330128795463e+00 -8.030798324583253489e+00
1.554939971480054028e+00 -3.204111354615635232e+00 -7.939700924220968403e+00
1.716782319129082302e+00 -3.292849376810174089e+00 -7.709160138587643374e+00
1.813004654456260134e+00 -3.367537202376332139e+00 -7.367581554300336677e+00
1.848873752444716079e+00 -3.412675248308550291e+00 -7.023891306944279656e+00
1.847280340227962725e+00 -3.444040882618777388e+00 -6.705367379222973767e+00
1.828800332655956096e+00 -3.422671390273152703e+00 -6.443075034695830539e+00
1.765854739434992604e+00 -3.380376814087747483e+00 -6.243729416367165719e+00
1.716905079349123620e+00 -3.342826198980091590e+00 -6.088444434135920069e+00
1.658677800863587626e+00 -3.307196966173077790e+00 -5.938292306644687102e+00
1.609008575676091457e+00 -3.312530187077388444e+00 -5.840311343697239366e+00
1.543334101387184187e+00 -3.364673451852289610e+00 -5.790194944930010301e+00
1.464504723706134159e+00 -3.453796557461999317e+00 -5.785472916776510210e+00
1.399293789684382672e+00 -3.529940237644532797e+00 -5.773239551687646909e+00
1.297415741683021206e+00 -3.534354585904567081e+00 -5.705984672595169727e+00
1.156919597679264111e+00 -3.478642828401882436e+00 -5.561775704383295604e+00
9.500508241561591571e-01 -3.441411895742988225e+00 -5.409006828001301059e+00
6.827887604854071535e-01 -3.416451748603230421e+00 -5.299616559908547408e+00
4.180582770136199722e-01 -3.431449069660663209e+00 -5.250515385994205531e+00
1.517536151007806700e-01 -3.443219294963148158e+00 -5.265604897647622629e+00
-7.194189811482260000e-02 -3.434347967381809585e+00 -5.334173783076795239e+00
-2.298361020707472280e-01 -3.402366945806628795e+00 -5.462864960391946134e+00
-2.893758643247328344e-01 -3.351998462046875016e+00 -5.639308820647677578e+00
-3.355757225195861726e-01 -3.281667477999767435e+00 -5.852857037866549206e+00
-4.344673377554389426e-01 -3.251328881293654050e+00 -6.042957352739438903e+00
-5.673658401011977270e-01 -3.265947907907122971e+00 -6.229683782640966783e+00
-7.477122705053267371e-01 -3.265687074428806014e+00 -6.411094456535114006e+00
-8.915796761292709149e-01 -3.253909128073549262e+00 -6.592387664158317229e+00
-1.062715741691433236e+00 -3.214557834175772566e+00 -6.775905296053231552e+00
-1.203626516999785512e+00 -3.170920861022041404e+00 -6.929274008839446886e+00
-1.311592055103230514e+00 -3.114003768852230625e+00 -7.028675543360827227e+00
-1.379650999990964078e+00 -3.084518085879212723e+00 -7.076562549115137379e+00
-1.479791262884557757e+00 -3.033266360654287119e+00 -7.117476360429107807e+00
-1.460309121608434291e+00 -3.031811465424266050e+00 -7.128286429903018195e+00
-1.403572256799607176e+00 -3.032860267995090897e+00 -7.084075760026420809e+00
-1.281557470429258494e+00 -3.049350132833334559e+00 -6.994476526791880033e+00
-1.078565133855921454e+00 -3.098663395513291174e+00 -6.890871935140606475e+00
-8.741126729147304930e-01 -3.127933827966332014e+00 -6.787280589044120127e+00
-7.631112222929694600e-01 -3.139766689452962556e+00 -6.730380316860039791e+00
-7.769986012732460479e-01 -3.126587587335711849e+00 -6.692895211840951042e+00
-8.001901919678047204e-01 -3.102144099935394195e+00 -6.651262534847265151e+00
-8.159968281087667252e-01 -3.030531015283151941e+00 -6.650520146855138037e+00
-8.827795009041641272e-01 -2.911272291879724694e+00 -6.659838748985839274e+00
-9.530851863431990534e-01 -2.762592269045582860e+00 -6.688193302770883086e+00
-1.055907697151533542e+00 -2.605192041912511858e+00 -6.727237716031642556e+00
-1.273446071027778626e+00 -2.431011523109685601e+00 -6.725922636071424598e+00
-1.466640735043605481e+00 -2.295217386371838586e+00 -6.711046044085427376e+00
-1.600153682756656703e+00 -2.212448499898863830e+00 -6.673910185479607904e+00
-1.637782093038230968e+00 -2.178538579353176186e+00 -6.633949305316182432e+00
-1.571718681858610855e+00 -2.207093535769919068e+00 -6.576550357433853300e+00
-1.432563672539017396e+00 -2.266634788059089800e+00 -6.500824961952608838e+00
-1.280519257964404911e+00 -2.324407333475494664e+00 -6.432757653709858303e+00
-1.157150479512287111e+00 -2.374089478772093198e+00 -6.370022842545416175e+00
-1.064231827161121968e+00 -2.414658518022219535e+00 -6.309284329588710882e+00
-9.510111683756283796e-01 -2.457753921559247434e+00 -6.243290266466866356e+00
-8.960054077785905013e-01 -2.481695586620471072e+00 -6.181302932992009502e+00
-8.426563948056592368e-01 -2.497187067548243267e+00 -6.108728409167165196e+00
-7.505547890991099980e-01 -2.519860573707379370e+00 -6.048743747090354006e+00
-6.842916397914602378e-01 -2.542882134124826443e+00 -5.986150512950149327e+00
-6.214019948555872253e-01 -2.567796007711981687e+00 -5.934773932782738015e+00
-5.397116097155357783e-01 -2.603974650936638380e+00 -5.891836319288938917e+00
-4.836096430182196815e-01 -2.632173791982804989e+00 -5.855460910940711194e+00
-4.236930601583912548e-01 -2.656671953973808176e+00 -5.828637938218587777e+00
-3.785125284337518270e-01 -2.691563154159476223e+00 -5.797990501931344909e+00
-3.285470931659021931e-01 -2.725548204055348922e+00 -5.787983470787539275e+00
-2.707738053976855852e-01 -2.757558221831184042e+00 -5.762993878391015734e+00
-1.952290679545503338e-01 -2.790115617287921346e+00 -5.756346872054515451e+00
-1.144455234821386558e-01 -2.820118170370469191e+00 -5.741476268590450793e+00
5.421391460260296252e-03 -2.834592013211168382e+00 -5.697314576805935893e+00
1.169347622862567659e-01 -2.844064547829521672e+00 -5.685067051439610886e+00
2.108900939032218591e-01 -2.860833461470071004e+00 -5.668630248061792720e+00
3.117202261676513819e-01 -2.871097370827716766e+00 -5.672789866335211428e+00
3.954078927411477928e-01 -2.880681244795607387e+00 -5.687920757069514721e+00
4.494815061135207235e-01 -2.879152349321767890e+00 -5.713319140780778405e+00
5.375481765992685679e-01 -2.887317025670060211e+00 -5.764308413296353351e+00
6.061415254002253672e-01 -2.888181576852824062e+00 -5.805551082825311404e+00
6.563814372722907020e-01 -2.885467989445972492e+00 -5.849787550854612661e+00
6.829518444445705772e-01 -2.892977763980861372e+00 -5.917114662744861420e+00
7.148645547234532271e-01 -2.906950083833632625e+00 -5.986758014226901459e+00
7.240795547168591417e-01 -2.928073948611797039e+00 -6.075019396094121227e+00
7.397887235878933820e-01 -2.952752801706902019e+00 -6.176371712508254674e+00
7.615409337868999096e-01 -2.977909020433348264e+00 -6.280076700360316622e+00
7.935401635765383377e-01 -2.976827693066720126e+00 -6.364000945726639991e+00
8.656927278846060503e-01 -2.939483848627353790e+00 -6.395507705972559798e+00
9.518602504701886291e-01 -2.858255550236402431e+00 -6.392262461079522673e+00
1.021751604344921738e+00 -2.721685872656328886e+00 -6.344492077005744690e+00
1.062287431227856072e+00 -2.828515806612347916e+00 -6.272884158502930241e+00
1.068190207369003497e+00 -2.939886776628758636e+00 -6.185139141308433786e+00
1.101034364637325513e+00 -3.059181228876741709e+00 -6.100702906393868474e+00
1.096889430912094232e+00 -3.174145396125481522e+00 -6.006439786058387575e+00
1.101531314021373831e+00 -3.272387512261847320e+00 -5.928835003889362909e+00
1.100044966552490733e+00 -3.346057747351689926e+00 -5.868851494134234237e+00
1.106138071228983666e+00 -3.413016024223444411e+00 -5.817013856350591539e+00
1.094834472267840919e+00 -3.467846520814255484e+00 -5.768697505022336358e+00
1.094834472267840919e+00 -3.467846520814255484e+00 -5.768697505022336358e+00
1.094834472267840919e+00 -3.467846520814255484e+00 -5.768697505022336358e+00
1.094834472267840919e+00 -3.467846520814255484e+00 -5.768697505022336358e+00
1.094834472267840919e+00 -3.467846520814255484e+00 -5.768697505022336358e+00
1.094834472267840919e+00 -3.467846520814255484e+00 -5.768697505022336358e+00
1.094834472267840919e+00 -3.467846520814255484e+00 -5.768697505022336358e+00
1.094834472267840919e+00 -3.467846520814255484e+00 -5.768697505022336358e+00
1.094834472267840919e+00 -3.467846520814255484e+00 -5.768697505022336358e+00
1.094834472267840919e+00 -3.467846520814255484e+00 -5.768697505022336358e+00
1.094834472267840919e+00 -3.467846520814255484e+00 -5.768697505022336358e+00
1.094834472267840919e+00 -3.467846520814255484e+00 -5.768697505022336358e+00
1.094834472267840919e+00 -3.467846520814255484e+00 -5.768697505022336358e+00
1.094834472267840919e+00 -3.467846520814255484e+00 -5.768697505022336358e+00
1.094834472267840919e+00 -3.467846520814255484e+00 -5.768697505022336358e+00
1.094834472267840919e+00 -3.467846520814255484e+00 -5.768697505022336358e+00
1.094834472267840919e+00 -3.467846520814255484e+00 -5.768697505022336358e+00
1.094834472267840919e+00 -3.467846520814255484e+00 -5.768697505022336358e+00
1.094834472267840919e+00 -3.467846520814255484e+00 -5.768697505022336358e+00
1.094834472267840919e+00 -3.467846520814255484e+00 -5.768697505022336358e+00
1.094834472267840919e+00 -3.467846520814255484e+00 -5.768697505022336358e+00
1.094834472267840919e+00 -3.467846520814255484e+00 -5.768697505022336358e+00
1.094834472267840919e+00 -3.467846520814255484e+00 -5.768697505022336358e+00
1.094834472267840919e+00 -3.467846520814255484e+00 -5.768697505022336358e+00
1.094834472267840919e+00 -3.467846520814255484e+00 -5.768697505022336358e+00
1.094834472267840919e+00 -3.467846520814255484e+00 -5.768697505022336358e+00
1.094834472267840919e+00 -3.467846520814255484e+00 -5.768697505022336358e+00
1.094834472267840919e+00 -3.467846520814255484e+00 -5.768697505022336358e+00
1.094834472267840919e+00 -3.467846520814255484e+00 -5.768697505022336358e+00
1.094834472267840919e+00 -3.467846520814255484e+00 -5.768697505022336358e+00
1.094834472267840919e+00 -3.467846520814255484e+00 -5.768697505022336358e+00
1.094834472267840919e+00 -3.467846520814255484e+00 -5.768697505022336358e+00
1.094834472267840919e+00 -3.467846520814255484e+00 -5.768697505022336358e+00
